[sie][Equalizer#0]
numBands=5

[sie][Equalizer#0#left]
band0Frequency=60
band0Gain=7.5
band0Q=1
band0Type=5
band10Type=0
band11Type=0
band12Type=0
band13Type=0
band14Type=0
band15Type=0
band16Type=0
band17Type=0
band18Type=0
band19Type=0
band1Frequency=220
band1Gain=-3.5
band1Q=0.7
band20Type=0
band21Type=0
band22Type=0
band23Type=0
band24Type=0
band25Type=0
band26Type=0
band27Type=0
band28Type=0
band29Type=0
band2Frequency=2700
band2Gain=-3
band2Q=1.3
band30Type=0
band31Type=0
band3Frequency=6400
band3Gain=-5
band3Q=5
band4Frequency=10400
band4Gain=-6
band4Q=5
band5Type=0
band6Type=0
band7Type=0
band8Type=0
band9Type=0

[sie][Equalizer#0#right]
band0Frequency=60
band0Gain=7.5
band0Q=1
band0Type=5
band10Type=0
band11Type=0
band12Type=0
band13Type=0
band14Type=0
band15Type=0
band16Type=0
band17Type=0
band18Type=0
band19Type=0
band1Frequency=220
band1Gain=-3.5
band1Q=0.7
band20Type=0
band21Type=0
band22Type=0
band23Type=0
band24Type=0
band25Type=0
band26Type=0
band27Type=0
band28Type=0
band29Type=0
band2Frequency=2700
band2Gain=-3
band2Q=1.3
band30Type=0
band31Type=0
band3Frequency=6400
band3Gain=-5
band3Q=5
band4Frequency=10400
band4Gain=-6
band4Q=5
band5Type=0
band6Type=0
band7Type=0
band8Type=0
band9Type=0

[soe][Equalizer#0]
inputGain=-5.5
numBands=10

[soe][Equalizer#0#left]
band0Frequency=88
band0Gain=-2.5999999046325684
band0Mode=6
band0Q=1.600000023841858
band10Type=0
band11Type=0
band12Type=0
band13Type=0
band14Type=0
band15Type=0
band16Type=0
band17Type=0
band18Type=0
band19Type=0
band1Frequency=105
band1Gain=5.5
band1Mode=6
band1Q=0.6666666865348816
band1Type=5
band20Type=0
band21Type=0
band22Type=0
band23Type=0
band24Type=0
band25Type=0
band26Type=0
band27Type=0
band28Type=0
band29Type=0
band2Frequency=500
band2Gain=4
band2Mode=6
band2Q=0.800000011920929
band30Type=0
band31Type=0
band3Frequency=1000
band3Gain=-1.100000023841858
band3Mode=6
band3Q=2.5
band4Frequency=2500
band4Gain=-4.099999904632568
band4Mode=6
band4Q=2
band5Frequency=3300
band5Gain=-1.7999999523162842
band5Mode=6
band5Q=4
band6Frequency=4500
band6Gain=4
band6Mode=6
band6Q=1
band7Frequency=5589
band7Gain=-11.199999809265137
band7Mode=6
band7Q=6
band8Frequency=6300
band8Gain=-2
band8Mode=6
band8Q=6
band9Frequency=7800
band9Gain=-5.400000095367432
band9Mode=6
band9Q=3

[soe][Equalizer#0#right]
band0Frequency=88
band0Gain=-2.5999999046325684
band0Mode=6
band0Q=1.600000023841858
band10Type=0
band11Type=0
band12Type=0
band13Type=0
band14Type=0
band15Type=0
band16Type=0
band17Type=0
band18Type=0
band19Type=0
band1Frequency=105
band1Gain=5.5
band1Mode=6
band1Q=0.6666666865348816
band1Type=5
band20Type=0
band21Type=0
band22Type=0
band23Type=0
band24Type=0
band25Type=0
band26Type=0
band27Type=0
band28Type=0
band29Type=0
band2Frequency=500
band2Gain=4
band2Mode=6
band2Q=0.800000011920929
band30Type=0
band31Type=0
band3Frequency=1000
band3Gain=-1.100000023841858
band3Mode=6
band3Q=2.5
band4Frequency=2500
band4Gain=-4.099999904632568
band4Mode=6
band4Q=2
band5Frequency=3300
band5Gain=-1.7999999523162842
band5Mode=6
band5Q=4
band6Frequency=4500
band6Gain=4
band6Mode=6
band6Q=1
band7Frequency=5589
band7Gain=-11.199999809265137
band7Mode=6
band7Q=6
band8Frequency=6300
band8Gain=-2
band8Mode=6
band8Q=6
band9Frequency=7800
band9Gain=-5.400000095367432
band9Mode=6
band9Q=3
